	1865.250000	7.927954	20.000000
	1865.750000	8.588439	20.000000
	1866.250000	8.588439	20.000000
	1866.750000	8.588439	20.000000
	1867.250000	9.248923	20.000000
	1867.750000	8.588439	20.000000
	1868.250000	9.248923	20.000000
	1868.750000	9.248923	20.000000
	1869.250000	9.909408	20.000000
	1869.750000	9.909408	20.000000
	1870.250000	9.909408	20.000000
	1870.750000	10.569892	20.000000
	1871.250000	10.569892	20.000000
	1871.750000	10.569892	20.000000
	1872.250000	10.569892	20.000000
	1872.750000	11.890862	20.000000
	1873.250000	11.890862	20.000000
	1873.750000	11.890862	20.000000
	1874.250000	12.551346	20.000000
	1874.750000	12.551346	20.000000
	1875.250000	12.551346	20.000000
	1875.750000	13.211831	20.000000
	1876.250000	13.211831	20.000000
	1876.750000	13.872315	20.000000
	1877.250000	13.872315	20.000000
	1877.750000	13.872315	20.000000
	1878.250000	13.872315	20.000000
	1878.750000	14.532800	20.000000
	1879.250000	14.532800	20.000000
	1879.750000	15.193284	20.000000
	1880.250000	15.193284	20.000000
	1880.750000	15.193284	20.000000
	1881.250000	15.853769	20.000000
	1881.750000	15.853769	20.000000
	1882.250000	15.853769	20.000000
	1882.750000	16.514253	20.000000
	1883.250000	16.514253	20.000000
	1883.750000	16.514253	20.000000
	1884.250000	16.514253	20.000000
	1884.750000	17.174738	20.000000
	1885.250000	17.174738	20.000000
	1885.750000	17.174738	20.000000
	1886.250000	17.174738	20.000000
	1886.750000	17.835222	20.000000
	1887.250000	17.835222	20.000000
	1887.750000	18.495707	20.000000
	1888.250000	18.495707	20.000000
	1888.750000	18.495707	20.000000
	1889.250000	18.495707	20.000000
	1889.750000	18.495707	20.000000
	1890.250000	19.156191	20.000000
	1890.750000	19.156191	20.000000
	1891.250000	19.816676	20.000000
	1891.750000	19.156191	20.000000
	1892.250000	19.816676	20.000000
	1892.750000	19.816676	20.000000
	1893.250000	19.816676	20.000000
	1893.750000	20.477160	20.000000
	1894.250000	20.477160	20.000000
	1894.750000	20.477160	20.000000
	1895.250000	21.137645	20.000000
	1895.750000	21.137645	20.000000
	1896.250000	21.137645	20.000000
	1896.750000	21.137645	20.000000
	1897.250000	21.798130	20.000000
	1897.750000	21.798130	20.000000
	1898.250000	21.798130	20.000000
	1898.750000	21.798130	20.000000
	1899.250000	21.798130	20.000000
	1899.750000	22.458614	20.000000
	1900.250000	22.458614	20.000000
	1900.750000	22.458614	20.000000
	1901.250000	22.458614	20.000000
	1901.750000	22.458614	20.000000
	1902.250000	23.119099	20.000000
	1902.750000	22.458614	20.000000
	1903.250000	23.119099	20.000000
	1903.750000	23.119099	20.000000
	1904.250000	23.779583	20.000000
	1904.750000	23.119099	20.000000
	1905.250000	23.779583	20.000000
	1905.750000	23.779583	20.000000
	1906.250000	23.779583	20.000000
	1906.750000	23.779583	20.000000
	1907.250000	23.779583	20.000000
	1907.750000	24.440068	20.000000
	1908.250000	24.440068	20.000000
	1908.750000	24.440068	20.000000
	1909.250000	24.440068	20.000000
	1909.750000	25.100552	20.000000
	1910.250000	24.440068	20.000000
	1910.750000	25.100552	20.000000
	1911.250000	25.100552	20.000000
	1911.750000	25.100552	20.000000
	1912.250000	25.100552	20.000000
	1912.750000	25.100552	20.000000
	1913.250000	25.100552	20.000000
	1913.750000	25.761037	20.000000
	1914.250000	25.761037	20.000000
	1914.750000	25.761037	20.000000
	1915.250000	25.761037	20.000000
	1915.750000	25.761037	20.000000
	1916.250000	25.761037	20.000000
	1916.750000	25.761037	20.000000
	1917.250000	25.761037	20.000000
	1917.750000	26.421521	20.000000
	1918.250000	26.421521	20.000000
	1918.750000	26.421521	20.000000
	1919.250000	26.421521	20.000000
	1919.750000	26.421521	20.000000
	1920.250000	26.421521	20.000000
	1920.750000	26.421521	20.000000
	1921.250000	26.421521	20.000000
	1921.750000	27.082006	20.000000
	1922.250000	27.082006	20.000000
	1922.750000	27.082006	20.000000
	1923.250000	26.421521	20.000000
	1923.750000	27.082006	20.000000
	1924.250000	27.082006	20.000000
	1924.750000	27.082006	20.000000
	1925.250000	27.082006	20.000000
	1925.750000	27.082006	20.000000
	1926.250000	27.082006	20.000000
	1926.750000	27.082006	20.000000
	1927.250000	27.082006	20.000000
	1927.750000	27.742490	20.000000
	1928.250000	27.742490	20.000000
	1928.750000	27.742490	20.000000
	1929.250000	27.742490	20.000000
	1929.750000	27.742490	20.000000
	1930.250000	27.742490	20.000000
	1930.750000	27.742490	20.000000
	1931.250000	27.742490	20.000000
	1931.750000	27.742490	20.000000
	1932.250000	27.742490	20.000000
	1932.750000	28.402975	20.000000
	1933.250000	27.742490	20.000000
	1933.750000	28.402975	20.000000
	1934.250000	28.402975	20.000000
	1934.750000	28.402975	20.000000
	1935.250000	28.402975	20.000000
	1935.750000	28.402975	20.000000
	1936.250000	28.402975	20.000000
	1936.750000	28.402975	20.000000
	1937.250000	28.402975	20.000000
	1937.750000	28.402975	20.000000
	1938.250000	28.402975	20.000000
	1938.750000	28.402975	20.000000
	1939.250000	28.402975	20.000000
	1939.750000	28.402975	20.000000
	1940.250000	29.063459	20.000000
	1940.750000	29.063459	20.000000
	1941.250000	29.063459	20.000000
	1941.750000	29.063459	20.000000
	1942.250000	29.063459	20.000000
	1942.750000	29.063459	20.000000
	1943.250000	29.723944	20.000000
	1943.750000	29.063459	20.000000
	1944.250000	29.063459	20.000000
	1944.750000	29.063459	20.000000
	1945.250000	29.063459	20.000000
	1945.750000	29.063459	20.000000
	1946.250000	29.063459	20.000000
	1946.750000	29.063459	20.000000
	1947.250000	29.723944	20.000000
	1947.750000	29.063459	20.000000
	1948.250000	29.063459	20.000000
	1948.750000	29.063459	20.000000
	1949.250000	29.063459	20.000000
	1949.750000	29.063459	20.000000
	1950.250000	29.063459	20.000000
	1950.750000	29.723944	20.000000
	1951.250000	29.723944	20.000000
	1951.750000	29.723944	20.000000
	1952.250000	29.723944	20.000000
	1952.750000	29.723944	20.000000
	1953.250000	29.723944	20.000000
	1953.750000	29.723944	20.000000
	1954.250000	29.723944	20.000000
	1954.750000	29.723944	20.000000
	1955.250000	29.723944	20.000000
	1955.750000	29.723944	20.000000
	1956.250000	29.723944	20.000000
	1956.750000	29.723944	20.000000
	1957.250000	29.723944	20.000000
	1957.750000	29.723944	20.000000
	1958.250000	29.723944	20.000000
	1958.750000	30.384428	20.000000
	1959.250000	29.723944	20.000000
	1959.750000	29.723944	20.000000
	1960.250000	30.384428	20.000000
	1960.750000	29.723944	20.000000
	1961.250000	30.384428	20.000000
	1961.750000	30.384428	20.000000
	1962.250000	30.384428	20.000000
	1962.750000	30.384428	20.000000
	1963.250000	29.723944	20.000000
	1963.750000	30.384428	20.000000
	1964.250000	30.384428	20.000000
	1964.750000	30.384428	20.000000
	1965.250000	30.384428	20.000000
	1965.750000	30.384428	20.000000
	1966.250000	30.384428	20.000000
	1966.750000	30.384428	20.000000
	1967.250000	30.384428	20.000000
	1967.750000	30.384428	20.000000
	1968.250000	30.384428	20.000000
	1968.750000	30.384428	20.000000
	1969.250000	30.384428	20.000000
	1969.750000	30.384428	20.000000
	1970.250000	30.384428	20.000000
	1970.750000	30.384428	20.000000
	1971.250000	30.384428	20.000000
	1971.750000	30.384428	20.000000
	1972.250000	31.044913	20.000000
	1972.750000	31.044913	20.000000
	1973.250000	31.044913	20.000000
	1973.750000	30.384428	20.000000
	1974.250000	31.044913	20.000000
	1974.750000	30.384428	20.000000
	1975.250000	31.044913	20.000000
	1975.750000	30.384428	20.000000
	1976.250000	30.384428	20.000000
	1976.750000	30.384428	20.000000
	1977.250000	31.044913	20.000000
	1977.750000	30.384428	20.000000
	1978.250000	30.384428	20.000000
	1978.750000	31.044913	20.000000
	1979.250000	31.044913	20.000000
	1979.750000	31.044913	20.000000
	1980.250000	31.044913	20.000000
	1980.750000	31.044913	20.000000
	1981.250000	31.044913	20.000000
	1981.750000	31.044913	20.000000
	1982.250000	31.044913	20.000000
	1982.750000	31.044913	20.000000
	1983.250000	31.044913	20.000000
	1983.750000	31.044913	20.000000
	1984.250000	31.044913	20.000000
	1984.750000	31.044913	20.000000
	1985.250000	31.044913	20.000000
	1985.750000	31.044913	20.000000
	1986.250000	31.044913	20.000000
	1986.750000	31.044913	20.000000
	1987.250000	31.044913	20.000000
	1987.750000	31.044913	20.000000
	1988.250000	31.044913	20.000000
	1988.750000	31.044913	20.000000
	1989.250000	31.044913	20.000000
	1989.750000	31.044913	20.000000
	1990.250000	31.044913	20.000000
	1990.750000	31.044913	20.000000
	1991.250000	31.044913	20.000000
	1991.750000	31.044913	20.000000
	1992.250000	31.044913	20.000000
	1992.750000	31.044913	20.000000
	1993.250000	31.044913	20.000000
	1993.750000	31.044913	20.000000
	1994.250000	31.044913	20.000000
	1994.750000	31.044913	20.000000
	1995.250000	31.705397	20.000000
	1995.750000	31.705397	20.000000
	1996.250000	31.705397	20.000000
	1996.750000	31.705397	20.000000
	1997.250000	31.705397	20.000000
	1997.750000	31.044913	20.000000
	1998.250000	31.044913	20.000000
	1998.750000	31.044913	20.000000
	1999.250000	31.044913	20.000000
	1999.750000	31.044913	20.000000
	2000.250000	31.044913	20.000000
	2000.750000	31.705397	20.000000
	2001.250000	31.705397	20.000000
	2001.750000	31.705397	20.000000
	2002.250000	31.044913	20.000000
	2002.750000	31.705397	20.000000
	2003.250000	31.705397	20.000000
	2003.750000	31.705397	20.000000
	2004.250000	31.705397	20.000000
	2004.750000	31.044913	20.000000
	2005.250000	31.705397	20.000000
	2005.750000	31.705397	20.000000
	2006.250000	31.705397	20.000000
	2006.750000	31.705397	20.000000
	2007.250000	31.044913	20.000000
	2007.750000	31.705397	20.000000
	2008.250000	31.705397	20.000000
	2008.750000	31.705397	20.000000
	2009.250000	31.705397	20.000000
	2009.750000	31.705397	20.000000
	2010.250000	31.705397	20.000000
	2010.750000	31.705397	20.000000
	2011.250000	31.705397	20.000000
	2011.750000	31.705397	20.000000
	2012.250000	31.044913	20.000000
	2012.750000	31.705397	20.000000
	2013.250000	31.705397	20.000000
	2013.750000	31.705397	20.000000
	2014.250000	31.705397	20.000000
	2014.750000	31.705397	20.000000
	2015.250000	31.705397	20.000000
	2015.750000	31.705397	20.000000
	2016.250000	31.044913	20.000000
	2016.750000	31.705397	20.000000
	2017.250000	31.044913	20.000000
	2017.750000	31.705397	20.000000
	2018.250000	31.705397	20.000000
	2018.750000	31.705397	20.000000
	2019.250000	31.705397	20.000000
	2019.750000	31.044913	20.000000
	2020.250000	31.705397	20.000000
	2020.750000	31.705397	20.000000
	2021.250000	31.705397	20.000000
	2021.750000	31.705397	20.000000
	2022.250000	31.705397	20.000000
	2022.750000	31.705397	20.000000
	2023.250000	31.705397	20.000000
	2023.750000	31.705397	20.000000
	2024.250000	32.365882	20.000000
	2024.750000	31.044913	20.000000
	2025.250000	31.705397	20.000000
	2025.750000	31.705397	20.000000
	2026.250000	31.705397	20.000000
	2026.750000	31.705397	20.000000
	2027.250000	31.705397	20.000000
	2027.750000	31.705397	20.000000
	2028.250000	31.705397	20.000000
	2028.750000	31.705397	20.000000
	2029.250000	32.365882	20.000000
	2029.750000	31.705397	20.000000
	2030.250000	31.705397	20.000000
	2030.750000	31.705397	20.000000
	2031.250000	31.705397	20.000000
	2031.750000	31.705397	20.000000
	2032.250000	31.705397	20.000000
	2032.750000	31.705397	20.000000
	2033.250000	31.705397	20.000000
	2033.750000	31.705397	20.000000
	2034.250000	31.705397	20.000000
	2034.750000	31.705397	20.000000
	2035.250000	31.705397	20.000000
	2035.750000	31.705397	20.000000
	2036.250000	31.705397	20.000000
	2036.750000	31.705397	20.000000
	2037.250000	32.365882	20.000000
	2037.750000	31.705397	20.000000
	2038.250000	32.365882	20.000000
	2038.750000	31.705397	20.000000
	2039.250000	31.705397	20.000000
	2039.750000	31.705397	20.000000
	2040.250000	31.705397	20.000000
	2040.750000	31.705397	20.000000
	2041.250000	31.705397	20.000000
	2041.750000	31.705397	20.000000
	2042.250000	31.705397	20.000000
	2042.750000	31.705397	20.000000
	2043.250000	32.365882	20.000000
	2043.750000	32.365882	20.000000
	2044.250000	32.365882	20.000000
	2044.750000	31.705397	20.000000
	2045.250000	31.705397	20.000000
	2045.750000	31.705397	20.000000
	2046.250000	31.705397	20.000000
	2046.750000	31.705397	20.000000
	2047.250000	31.705397	20.000000
	2047.750000	31.705397	20.000000
	2048.250000	31.705397	20.000000
	2048.750000	31.705397	20.000000
	2049.250000	31.705397	20.000000
	2049.750000	32.365882	20.000000
	2050.250000	31.705397	20.000000
	2050.750000	32.365882	20.000000
	2051.250000	31.705397	20.000000
	2051.750000	31.705397	20.000000
	2052.250000	32.365882	20.000000
	2052.750000	31.705397	20.000000
	2053.250000	31.705397	20.000000
	2053.750000	32.365882	20.000000
	2054.250000	32.365882	20.000000
	2054.750000	31.705397	20.000000
	2055.250000	31.705397	20.000000
	2055.750000	31.705397	20.000000
	2056.250000	31.705397	20.000000
	2056.750000	31.705397	20.000000
	2057.250000	31.705397	20.000000
	2057.750000	32.365882	20.000000
	2058.250000	32.365882	20.000000
	2058.750000	31.705397	20.000000
	2059.250000	31.705397	20.000000
	2059.750000	31.705397	20.000000
	2060.250000	31.705397	20.000000
	2060.750000	31.705397	20.000000
	2061.250000	32.365882	20.000000
	2061.750000	31.705397	20.000000
	2062.250000	31.705397	20.000000
	2062.750000	32.365882	20.000000
	2063.250000	32.365882	20.000000
	2063.750000	31.705397	20.000000
	2064.250000	31.705397	20.000000
	2064.750000	32.365882	20.000000
	2065.250000	31.705397	20.000000
	2065.750000	32.365882	20.000000
	2066.250000	32.365882	20.000000
	2066.750000	31.705397	20.000000
	2067.250000	32.365882	20.000000
	2067.750000	31.705397	20.000000
	2068.250000	31.705397	20.000000
	2068.750000	32.365882	20.000000
	2069.250000	31.705397	20.000000
	2069.750000	32.365882	20.000000
	2070.250000	32.365882	20.000000
	2070.750000	32.365882	20.000000
	2071.250000	32.365882	20.000000
	2071.750000	31.705397	20.000000
	2072.250000	32.365882	20.000000
	2072.750000	31.705397	20.000000
	2073.250000	31.705397	20.000000
	2073.750000	31.705397	20.000000
	2074.250000	32.365882	20.000000
	2074.750000	32.365882	20.000000
	2075.250000	32.365882	20.000000
	2075.750000	32.365882	20.000000
	2076.250000	32.365882	20.000000
	2076.750000	32.365882	20.000000
	2077.250000	31.705397	20.000000
	2077.750000	31.705397	20.000000
	2078.250000	31.705397	20.000000
	2078.750000	32.365882	20.000000
	2079.250000	32.365882	20.000000
	2079.750000	31.705397	20.000000
	2080.250000	31.705397	20.000000
	2080.750000	32.365882	20.000000
	2081.250000	32.365882	20.000000
	2081.750000	32.365882	20.000000
	2082.250000	32.365882	20.000000
	2082.750000	31.705397	20.000000
	2083.250000	31.705397	20.000000
	2083.750000	31.705397	20.000000
	2084.250000	31.705397	20.000000
	2084.750000	31.705397	20.000000
	2085.250000	31.705397	20.000000
	2085.750000	32.365882	20.000000
	2086.250000	32.365882	20.000000
	2086.750000	32.365882	20.000000
	2087.250000	32.365882	20.000000
	2087.750000	31.705397	20.000000
	2088.250000	32.365882	20.000000
	2088.750000	32.365882	20.000000
	2089.250000	32.365882	20.000000
	2089.750000	32.365882	20.000000
	2090.250000	32.365882	20.000000
	2090.750000	32.365882	20.000000
	2091.250000	32.365882	20.000000
	2091.750000	31.705397	20.000000
	2092.250000	32.365882	20.000000
	2092.750000	32.365882	20.000000
	2093.250000	32.365882	20.000000
	2093.750000	32.365882	20.000000
	2094.250000	32.365882	20.000000
	2094.750000	32.365882	20.000000
	2095.250000	32.365882	20.000000
	2095.750000	32.365882	20.000000
	2096.250000	32.365882	20.000000
	2096.750000	32.365882	20.000000
	2097.250000	32.365882	20.000000
	2097.750000	32.365882	20.000000
	2098.250000	32.365882	20.000000
	2098.750000	32.365882	20.000000
	2099.250000	32.365882	20.000000
	2099.750000	32.365882	20.000000
	2100.250000	32.365882	20.000000
	2100.750000	32.365882	20.000000
	2101.250000	32.365882	20.000000
	2101.750000	32.365882	20.000000
	2102.250000	32.365882	20.000000
	2102.750000	32.365882	20.000000
	2103.250000	32.365882	20.000000
	2103.750000	32.365882	20.000000
	2104.250000	32.365882	20.000000
	2104.750000	32.365882	20.000000
	2105.250000	31.705397	20.000000
	2105.750000	32.365882	20.000000
	2106.250000	32.365882	20.000000
	2106.750000	31.705397	20.000000
	2107.250000	32.365882	20.000000
	2107.750000	32.365882	20.000000
	2108.250000	32.365882	20.000000
	2108.750000	32.365882	20.000000
	2109.250000	32.365882	20.000000
	2109.750000	32.365882	20.000000
	2110.250000	32.365882	20.000000
	2110.750000	32.365882	20.000000
	2111.250000	32.365882	20.000000
	2111.750000	32.365882	20.000000
	2112.250000	32.365882	20.000000
	2112.750000	32.365882	20.000000
	2113.250000	32.365882	20.000000
	2113.750000	32.365882	20.000000
	2114.250000	32.365882	20.000000
	2114.750000	32.365882	20.000000
	2115.250000	32.365882	20.000000
	2115.750000	32.365882	20.000000
	2116.250000	32.365882	20.000000
	2116.750000	31.705397	20.000000
	2117.250000	32.365882	20.000000
	2117.750000	32.365882	20.000000
	2118.250000	32.365882	20.000000
	2118.750000	32.365882	20.000000
	2119.250000	32.365882	20.000000
	2119.750000	32.365882	20.000000
	2120.250000	32.365882	20.000000
	2120.750000	31.705397	20.000000
	2121.250000	32.365882	20.000000
	2121.750000	32.365882	20.000000
	2122.250000	32.365882	20.000000
	2122.750000	32.365882	20.000000
	2123.250000	31.705397	20.000000
	2123.750000	32.365882	20.000000
	2124.250000	32.365882	20.000000
	2124.750000	32.365882	20.000000
	2125.250000	32.365882	20.000000
	2125.750000	31.705397	20.000000
	2126.250000	32.365882	20.000000
	2126.750000	32.365882	20.000000
	2127.250000	32.365882	20.000000
	2127.750000	32.365882	20.000000
	2128.250000	32.365882	20.000000
	2128.750000	32.365882	20.000000
	2129.250000	32.365882	20.000000
	2129.750000	32.365882	20.000000
	2130.250000	31.705397	20.000000
	2130.750000	32.365882	20.000000
	2131.250000	32.365882	20.000000
	2131.750000	32.365882	20.000000
	2132.250000	32.365882	20.000000
	2132.750000	32.365882	20.000000
	2133.250000	32.365882	20.000000
	2133.750000	32.365882	20.000000
	2134.250000	32.365882	20.000000
	2134.750000	32.365882	20.000000
	2135.250000	32.365882	20.000000
	2135.750000	32.365882	20.000000
	2136.250000	32.365882	20.000000
	2136.750000	32.365882	20.000000
	2137.250000	32.365882	20.000000
	2137.750000	32.365882	20.000000
	2138.250000	32.365882	20.000000
	2138.750000	32.365882	20.000000
	2139.250000	32.365882	20.000000
	2139.750000	32.365882	20.000000
	2140.250000	32.365882	20.000000
	2140.750000	32.365882	20.000000
	2141.250000	32.365882	20.000000
	2141.750000	32.365882	20.000000
	2142.250000	32.365882	20.000000
	2142.750000	32.365882	20.000000
	2143.250000	32.365882	20.000000
	2143.750000	32.365882	20.000000
	2144.250000	32.365882	20.000000
	2144.750000	32.365882	20.000000
	2145.250000	32.365882	20.000000
	2145.750000	32.365882	30.000000
	2146.250000	32.365882	30.000000
	2146.750000	32.365882	30.000000
	2147.250000	32.365882	30.000000
	2147.750000	32.365882	30.000000
	2148.250000	32.365882	30.000000
	2148.750000	33.026367	30.000000
	2149.250000	32.365882	30.000000
	2149.750000	32.365882	30.000000
	2150.250000	32.365882	30.000000
	2150.750000	33.026367	30.000000
	2151.250000	33.026367	30.000000
	2151.750000	33.026367	30.000000
	2152.250000	33.026367	30.000000
	2152.750000	33.026367	30.000000
	2153.250000	33.686851	30.000000
	2153.750000	33.026367	30.000000
	2154.250000	33.686851	30.000000
	2154.750000	33.686851	30.000000
	2155.250000	33.686851	30.000000
	2155.750000	34.347336	30.000000
	2156.250000	34.347336	30.000000
	2156.750000	34.347336	30.000000
	2157.250000	34.347336	30.000000
	2157.750000	34.347336	30.000000
	2158.250000	35.007820	30.000000
	2158.750000	35.007820	30.000000
	2159.250000	35.007820	30.000000
	2159.750000	35.007820	30.000000
	2160.250000	35.007820	30.000000
	2160.750000	35.668305	30.000000
	2161.250000	35.668305	30.000000
	2161.750000	35.668305	30.000000
	2162.250000	35.668305	30.000000
	2162.750000	36.328789	30.000000
	2163.250000	36.328789	30.000000
	2163.750000	36.328789	30.000000
	2164.250000	36.328789	30.000000
	2164.750000	36.989274	30.000000
	2165.250000	36.989274	30.000000
	2165.750000	36.989274	30.000000
	2166.250000	36.989274	30.000000
	2166.750000	36.989274	30.000000
	2167.250000	36.989274	30.000000
	2167.750000	36.989274	30.000000
	2168.250000	36.989274	30.000000
	2168.750000	37.649758	30.000000
	2169.250000	37.649758	30.000000
	2169.750000	37.649758	30.000000
	2170.250000	37.649758	30.000000
	2170.750000	37.649758	30.000000
	2171.250000	38.310243	30.000000
	2171.750000	38.310243	30.000000
	2172.250000	38.310243	30.000000
	2172.750000	38.310243	30.000000
	2173.250000	38.970727	30.000000
	2173.750000	38.970727	30.000000
	2174.250000	38.970727	30.000000
	2174.750000	38.970727	30.000000
	2175.250000	38.970727	30.000000
	2175.750000	39.631212	30.000000
	2176.250000	39.631212	30.000000
	2176.750000	39.631212	30.000000
	2177.250000	39.631212	30.000000
	2177.750000	39.631212	30.000000
	2178.250000	39.631212	30.000000
	2178.750000	39.631212	30.000000
	2179.250000	40.291696	30.000000
	2179.750000	40.291696	30.000000
	2180.250000	40.291696	30.000000
	2180.750000	40.291696	30.000000
	2181.250000	40.291696	30.000000
	2181.750000	40.952181	30.000000
	2182.250000	40.291696	30.000000
	2182.750000	40.952181	30.000000
	2183.250000	40.952181	30.000000
	2183.750000	40.952181	30.000000
	2184.250000	40.952181	30.000000
	2184.750000	40.952181	30.000000
	2185.250000	40.952181	30.000000
	2185.750000	40.952181	30.000000
	2186.250000	41.612665	30.000000
	2186.750000	41.612665	30.000000
	2187.250000	41.612665	30.000000
	2187.750000	41.612665	30.000000
	2188.250000	41.612665	30.000000
	2188.750000	41.612665	30.000000
	2189.250000	42.273150	30.000000
	2189.750000	42.273150	30.000000
	2190.250000	42.273150	30.000000
	2190.750000	42.273150	30.000000
	2191.250000	42.273150	30.000000
	2191.750000	42.273150	30.000000
	2192.250000	42.933635	30.000000
	2192.750000	42.273150	30.000000
	2193.250000	42.933635	30.000000
	2193.750000	42.933635	30.000000
	2194.250000	42.933635	30.000000
	2194.750000	42.933635	30.000000
	2195.250000	42.933635	30.000000
	2195.750000	42.933635	30.000000
	2196.250000	43.594119	30.000000
	2196.750000	43.594119	30.000000
	2197.250000	43.594119	30.000000
	2197.750000	43.594119	30.000000
	2198.250000	43.594119	30.000000
	2198.750000	43.594119	30.000000
	2199.250000	43.594119	30.000000
	2199.750000	43.594119	30.000000
	2200.250000	43.594119	30.000000
	2200.750000	44.254604	30.000000
	2201.250000	44.254604	30.000000
	2201.750000	44.254604	30.000000
	2202.250000	44.254604	30.000000
	2202.750000	43.594119	30.000000
	2203.250000	44.254604	30.000000
	2203.750000	44.254604	30.000000
	2204.250000	44.915088	30.000000
	2204.750000	44.254604	30.000000
	2205.250000	44.254604	30.000000
	2205.750000	44.254604	30.000000
	2206.250000	44.915088	30.000000
	2206.750000	44.254604	30.000000
	2207.250000	44.915088	30.000000
	2207.750000	44.915088	30.000000
	2208.250000	44.915088	30.000000
	2208.750000	44.915088	30.000000
	2209.250000	44.915088	30.000000
	2209.750000	44.915088	30.000000
	2210.250000	44.915088	30.000000
	2210.750000	44.915088	30.000000
	2211.250000	44.915088	30.000000
	2211.750000	45.575573	30.000000
	2212.250000	45.575573	30.000000
	2212.750000	45.575573	30.000000
	2213.250000	45.575573	30.000000
	2213.750000	45.575573	30.000000
	2214.250000	45.575573	30.000000
	2214.750000	45.575573	30.000000
	2215.250000	45.575573	30.000000
	2215.750000	45.575573	30.000000
	2216.250000	45.575573	30.000000
	2216.750000	45.575573	30.000000
	2217.250000	45.575573	30.000000
	2217.750000	45.575573	30.000000
	2218.250000	46.236057	30.000000
	2218.750000	45.575573	30.000000
	2219.250000	45.575573	30.000000
	2219.750000	46.236057	30.000000
	2220.250000	46.236057	30.000000
	2220.750000	46.236057	30.000000
	2221.250000	46.236057	30.000000
	2221.750000	46.236057	30.000000
	2222.250000	46.236057	30.000000
	2222.750000	46.236057	30.000000
	2223.250000	46.236057	30.000000
	2223.750000	46.236057	30.000000
	2224.250000	46.236057	30.000000
	2224.750000	46.236057	30.000000
	2225.250000	46.236057	30.000000
	2225.750000	46.896542	30.000000
	2226.250000	46.896542	30.000000
	2226.750000	46.896542	30.000000
	2227.250000	46.896542	30.000000
	2227.750000	46.236057	30.000000
	2228.250000	46.896542	30.000000
	2228.750000	46.896542	30.000000
	2229.250000	46.896542	30.000000
	2229.750000	46.896542	30.000000
	2230.250000	46.896542	30.000000
	2230.750000	46.896542	30.000000
	2231.250000	46.896542	30.000000
	2231.750000	46.896542	30.000000
	2232.250000	46.896542	30.000000
	2232.750000	46.896542	30.000000
	2233.250000	46.896542	30.000000
	2233.750000	46.896542	30.000000
	2234.250000	46.896542	30.000000
	2234.750000	46.896542	30.000000
	2235.250000	46.896542	30.000000
	2235.750000	46.896542	30.000000
	2236.250000	46.896542	30.000000
	2236.750000	47.557026	30.000000
	2237.250000	46.896542	30.000000
	2237.750000	47.557026	30.000000
	2238.250000	47.557026	30.000000
	2238.750000	47.557026	30.000000
	2239.250000	47.557026	30.000000
	2239.750000	47.557026	30.000000
	2240.250000	47.557026	30.000000
	2240.750000	47.557026	30.000000
	2241.250000	47.557026	30.000000
	2241.750000	47.557026	30.000000
	2242.250000	47.557026	30.000000
	2242.750000	47.557026	30.000000
	2243.250000	47.557026	30.000000
	2243.750000	47.557026	30.000000
	2244.250000	47.557026	30.000000
	2244.750000	47.557026	30.000000
	2245.250000	47.557026	30.000000
	2245.750000	47.557026	30.000000
	2246.250000	47.557026	30.000000
	2246.750000	47.557026	30.000000
	2247.250000	47.557026	30.000000
	2247.750000	47.557026	30.000000
	2248.250000	48.217511	30.000000
	2248.750000	48.217511	30.000000
	2249.250000	47.557026	30.000000
	2249.750000	48.217511	30.000000
	2250.250000	47.557026	30.000000
	2250.750000	48.217511	30.000000
	2251.250000	48.217511	30.000000
	2251.750000	48.217511	30.000000
	2252.250000	47.557026	30.000000
	2252.750000	48.217511	30.000000
	2253.250000	48.217511	30.000000
	2253.750000	47.557026	30.000000
	2254.250000	48.217511	30.000000
	2254.750000	48.217511	30.000000
	2255.250000	48.217511	30.000000
	2255.750000	48.217511	30.000000
	2256.250000	48.217511	30.000000
	2256.750000	48.217511	30.000000
	2257.250000	48.217511	30.000000
	2257.750000	48.217511	30.000000
	2258.250000	48.217511	30.000000
	2258.750000	48.217511	30.000000
	2259.250000	48.217511	30.000000
	2259.750000	48.217511	30.000000
	2260.250000	48.217511	30.000000
	2260.750000	48.217511	30.000000
	2261.250000	48.217511	30.000000
	2261.750000	48.217511	30.000000
	2262.250000	48.217511	30.000000
	2262.750000	48.217511	30.000000
	2263.250000	48.217511	30.000000
	2263.750000	48.217511	30.000000
	2264.250000	48.217511	30.000000
	2264.750000	48.217511	30.000000
	2265.250000	48.217511	30.000000
	2265.750000	48.877995	30.000000
	2266.250000	48.217511	30.000000
	2266.750000	48.217511	30.000000
	2267.250000	48.217511	30.000000
	2267.750000	48.217511	30.000000
	2268.250000	48.877995	30.000000
	2268.750000	48.217511	30.000000
	2269.250000	48.217511	30.000000
	2269.750000	48.877995	30.000000
	2270.250000	48.217511	30.000000
	2270.750000	48.877995	30.000000
	2271.250000	48.217511	30.000000
	2271.750000	48.877995	30.000000
	2272.250000	48.877995	30.000000
	2272.750000	48.877995	30.000000
	2273.250000	48.217511	30.000000
	2273.750000	48.877995	30.000000
	2274.250000	48.877995	30.000000
	2274.750000	48.217511	30.000000
	2275.250000	48.217511	30.000000
	2275.750000	48.877995	30.000000
	2276.250000	48.877995	30.000000
	2276.750000	48.877995	30.000000
	2277.250000	48.877995	30.000000
	2277.750000	48.877995	30.000000
	2278.250000	48.877995	30.000000
	2278.750000	48.877995	30.000000
	2279.250000	48.877995	30.000000
	2279.750000	48.877995	30.000000
	2280.250000	48.217511	30.000000
	2280.750000	48.877995	30.000000
	2281.250000	48.877995	30.000000
	2281.750000	48.877995	30.000000
	2282.250000	48.877995	30.000000
	2282.750000	48.877995	30.000000
	2283.250000	48.877995	30.000000
	2283.750000	48.877995	30.000000
	2284.250000	48.877995	30.000000
	2284.750000	48.217511	30.000000
	2285.250000	48.877995	30.000000
	2285.750000	48.877995	30.000000
	2286.250000	48.877995	30.000000
	2286.750000	48.877995	30.000000
	2287.250000	48.877995	30.000000
	2287.750000	48.877995	30.000000
	2288.250000	48.877995	30.000000
	2288.750000	48.877995	30.000000
	2289.250000	48.877995	30.000000
	2289.750000	48.877995	30.000000
	2290.250000	48.877995	30.000000
	2290.750000	48.877995	30.000000
	2291.250000	48.877995	30.000000
	2291.750000	48.877995	30.000000
	2292.250000	48.877995	30.000000
	2292.750000	48.877995	30.000000
	2293.250000	48.877995	30.000000
	2293.750000	48.877995	30.000000
	2294.250000	48.877995	30.000000
	2294.750000	49.538480	30.000000
	2295.250000	49.538480	30.000000
	2295.750000	48.877995	30.000000
	2296.250000	48.877995	30.000000
	2296.750000	48.877995	30.000000
	2297.250000	48.877995	30.000000
	2297.750000	48.877995	30.000000
	2298.250000	48.877995	30.000000
	2298.750000	48.877995	30.000000
	2299.250000	48.877995	30.000000
	2299.750000	48.877995	30.000000
	2300.250000	48.877995	30.000000
	2300.750000	48.877995	30.000000
	2301.250000	49.538480	30.000000
	2301.750000	48.877995	30.000000
	2302.250000	49.538480	30.000000
	2302.750000	48.877995	30.000000
	2303.250000	49.538480	30.000000
	2303.750000	48.877995	30.000000
	2304.250000	48.877995	30.000000
	2304.750000	48.877995	30.000000
	2305.250000	48.877995	30.000000
	2305.750000	48.877995	30.000000
	2306.250000	48.877995	30.000000
	2306.750000	49.538480	30.000000
	2307.250000	48.877995	30.000000
	2307.750000	48.877995	30.000000
	2308.250000	48.877995	30.000000
	2308.750000	48.877995	30.000000
	2309.250000	48.877995	30.000000
	2309.750000	49.538480	30.000000
	2310.250000	49.538480	30.000000
	2310.750000	49.538480	30.000000
	2311.250000	48.877995	30.000000
	2311.750000	48.877995	30.000000
	2312.250000	48.877995	30.000000
	2312.750000	49.538480	30.000000
	2313.250000	48.877995	30.000000
	2313.750000	48.877995	30.000000
	2314.250000	49.538480	30.000000
	2314.750000	48.877995	30.000000
	2315.250000	49.538480	30.000000
	2315.750000	48.877995	30.000000
	2316.250000	48.877995	30.000000
	2316.750000	48.877995	30.000000
	2317.250000	48.877995	30.000000
	2317.750000	48.877995	30.000000
	2318.250000	49.538480	30.000000
	2318.750000	49.538480	30.000000
	2319.250000	49.538480	30.000000
	2319.750000	48.877995	30.000000
	2320.250000	48.877995	30.000000
	2320.750000	49.538480	30.000000
	2321.250000	49.538480	30.000000
	2321.750000	49.538480	30.000000
	2322.250000	49.538480	30.000000
	2322.750000	48.877995	30.000000
	2323.250000	49.538480	30.000000
	2323.750000	49.538480	30.000000
	2324.250000	49.538480	30.000000
	2324.750000	48.877995	30.000000
	2325.250000	48.877995	30.000000
	2325.750000	48.877995	30.000000
	2326.250000	49.538480	30.000000
	2326.750000	49.538480	30.000000
	2327.250000	49.538480	30.000000
	2327.750000	49.538480	30.000000
	2328.250000	48.877995	30.000000
	2328.750000	49.538480	30.000000
	2329.250000	49.538480	30.000000
	2329.750000	49.538480	30.000000
	2330.250000	49.538480	30.000000
	2330.750000	49.538480	30.000000
	2331.250000	49.538480	30.000000
	2331.750000	49.538480	30.000000
	2332.250000	49.538480	30.000000
	2332.750000	48.877995	30.000000
	2333.250000	49.538480	30.000000
	2333.750000	49.538480	30.000000
	2334.250000	49.538480	30.000000
	2334.750000	49.538480	30.000000
	2335.250000	49.538480	30.000000
	2335.750000	49.538480	30.000000
	2336.250000	49.538480	30.000000
	2336.750000	49.538480	30.000000
	2337.250000	49.538480	30.000000
	2337.750000	49.538480	30.000000
	2338.250000	49.538480	30.000000
	2338.750000	49.538480	30.000000
	2339.250000	49.538480	30.000000
	2339.750000	49.538480	30.000000
	2340.250000	48.877995	30.000000
	2340.750000	49.538480	30.000000
	2341.250000	49.538480	30.000000
	2341.750000	49.538480	30.000000
	2342.250000	49.538480	30.000000
	2342.750000	49.538480	30.000000
	2343.250000	49.538480	30.000000
	2343.750000	49.538480	30.000000
	2344.250000	49.538480	30.000000
	2344.750000	49.538480	30.000000
	2345.250000	49.538480	30.000000
	2345.750000	49.538480	30.000000
	2346.250000	49.538480	30.000000
	2346.750000	49.538480	30.000000
	2347.250000	49.538480	30.000000
	2347.750000	49.538480	30.000000
	2348.250000	49.538480	30.000000
	2348.750000	49.538480	30.000000
	2349.250000	49.538480	30.000000
	2349.750000	49.538480	30.000000
	2350.250000	49.538480	30.000000
	2350.750000	50.198964	30.000000
	2351.250000	49.538480	30.000000
	2351.750000	49.538480	30.000000
	2352.250000	49.538480	30.000000
	2352.750000	49.538480	30.000000
	2353.250000	49.538480	30.000000
	2353.750000	49.538480	30.000000
	2354.250000	49.538480	30.000000
	2354.750000	49.538480	30.000000
	2355.250000	49.538480	30.000000
	2355.750000	49.538480	30.000000
	2356.250000	49.538480	30.000000
	2356.750000	49.538480	30.000000
	2357.250000	49.538480	30.000000
	2357.750000	49.538480	30.000000
	2358.250000	49.538480	30.000000
	2358.750000	49.538480	30.000000
	2359.250000	49.538480	30.000000
	2359.750000	49.538480	30.000000
	2360.250000	49.538480	30.000000
	2360.750000	49.538480	30.000000
	2361.250000	49.538480	30.000000
	2361.750000	49.538480	30.000000
	2362.250000	49.538480	30.000000
	2362.750000	49.538480	30.000000
	2363.250000	49.538480	30.000000
	2363.750000	49.538480	30.000000
	2364.250000	49.538480	30.000000
	2364.750000	49.538480	30.000000
	2365.250000	49.538480	30.000000
	2365.750000	49.538480	30.000000
	2366.250000	49.538480	30.000000
	2366.750000	49.538480	30.000000
	2367.250000	49.538480	30.000000
	2367.750000	49.538480	30.000000
	2368.250000	49.538480	30.000000
	2368.750000	49.538480	30.000000
	2369.250000	49.538480	30.000000
	2369.750000	49.538480	30.000000
	2370.250000	49.538480	30.000000
	2370.750000	49.538480	30.000000
	2371.250000	49.538480	30.000000
	2371.750000	48.877995	30.000000
	2372.250000	49.538480	30.000000
	2372.750000	49.538480	30.000000
	2373.250000	49.538480	30.000000
	2373.750000	49.538480	30.000000
	2374.250000	49.538480	30.000000
	2374.750000	49.538480	30.000000
	2375.250000	49.538480	30.000000
	2375.750000	49.538480	30.000000
	2376.250000	49.538480	30.000000
	2376.750000	49.538480	30.000000
	2377.250000	49.538480	30.000000
	2377.750000	49.538480	30.000000
	2378.250000	49.538480	30.000000
	2378.750000	49.538480	30.000000
	2379.250000	49.538480	30.000000
	2379.750000	49.538480	30.000000
	2380.250000	49.538480	30.000000
	2380.750000	49.538480	30.000000
	2381.250000	49.538480	30.000000
	2381.750000	49.538480	30.000000
	2382.250000	49.538480	30.000000
	2382.750000	49.538480	30.000000
	2383.250000	49.538480	30.000000
	2383.750000	49.538480	30.000000
	2384.250000	49.538480	30.000000
	2384.750000	49.538480	30.000000
	2385.250000	49.538480	30.000000
	2385.750000	49.538480	30.000000
	2386.250000	49.538480	30.000000
	2386.750000	49.538480	30.000000
	2387.250000	49.538480	30.000000
	2387.750000	49.538480	30.000000
	2388.250000	49.538480	30.000000
	2388.750000	49.538480	30.000000
	2389.250000	49.538480	30.000000
	2389.750000	49.538480	30.000000
	2390.250000	49.538480	30.000000
	2390.750000	49.538480	30.000000
	2391.250000	49.538480	30.000000
	2391.750000	49.538480	30.000000
	2392.250000	49.538480	30.000000
	2392.750000	49.538480	30.000000
	2393.250000	49.538480	30.000000
	2393.750000	49.538480	30.000000
	2394.250000	49.538480	30.000000
	2394.750000	49.538480	30.000000
	2395.250000	49.538480	30.000000
	2395.750000	49.538480	30.000000
	2396.250000	49.538480	30.000000
	2396.750000	49.538480	30.000000
	2397.250000	49.538480	30.000000
	2397.750000	49.538480	30.000000
	2398.250000	49.538480	30.000000
	2398.750000	49.538480	30.000000
	2399.250000	49.538480	30.000000
	2399.750000	49.538480	30.000000
	2400.250000	49.538480	30.000000
	2400.750000	49.538480	30.000000
	2401.250000	49.538480	30.000000
	2401.750000	49.538480	30.000000
	2402.250000	49.538480	30.000000
	2402.750000	49.538480	30.000000
	2403.250000	49.538480	30.000000
	2403.750000	49.538480	30.000000
	2404.250000	49.538480	30.000000
	2404.750000	49.538480	30.000000
	2405.250000	49.538480	30.000000
	2405.750000	49.538480	30.000000
	2406.250000	49.538480	30.000000
	2406.750000	49.538480	30.000000
	2407.250000	49.538480	30.000000
	2407.750000	49.538480	30.000000
	2408.250000	49.538480	30.000000
	2408.750000	49.538480	30.000000
	2409.250000	49.538480	30.000000
	2409.750000	49.538480	40.000000
	2410.250000	49.538480	40.000000
	2410.750000	49.538480	40.000000
	2411.250000	49.538480	40.000000
	2411.750000	49.538480	40.000000
	2412.250000	49.538480	40.000000
	2412.750000	49.538480	40.000000
	2413.250000	49.538480	40.000000
	2413.750000	50.198964	40.000000
	2414.250000	49.538480	40.000000
	2414.750000	50.198964	40.000000
	2415.250000	50.198964	40.000000
	2415.750000	50.198964	40.000000
	2416.250000	50.198964	40.000000
	2416.750000	50.198964	40.000000
	2417.250000	50.198964	40.000000
	2417.750000	50.198964	40.000000
	2418.250000	50.198964	40.000000
	2418.750000	50.198964	40.000000
	2419.250000	50.198964	40.000000
	2419.750000	50.198964	40.000000
	2420.250000	50.859449	40.000000
	2420.750000	50.859449	40.000000
	2421.250000	50.859449	40.000000
	2421.750000	50.859449	40.000000
	2422.250000	50.198964	40.000000
	2422.750000	50.859449	40.000000
	2423.250000	50.859449	40.000000
	2423.750000	50.859449	40.000000
	2424.250000	50.859449	40.000000
	2424.750000	50.859449	40.000000
	2425.250000	51.519933	40.000000
	2425.750000	50.859449	40.000000
	2426.250000	51.519933	40.000000
	2426.750000	51.519933	40.000000
	2427.250000	51.519933	40.000000
	2427.750000	51.519933	40.000000
	2428.250000	51.519933	40.000000
	2428.750000	51.519933	40.000000
	2429.250000	51.519933	40.000000
	2429.750000	51.519933	40.000000
	2430.250000	52.180418	40.000000
	2430.750000	51.519933	40.000000
	2431.250000	52.180418	40.000000
	2431.750000	52.180418	40.000000
	2432.250000	52.180418	40.000000
	2432.750000	52.180418	40.000000
	2433.250000	52.180418	40.000000
	2433.750000	52.180418	40.000000
	2434.250000	52.180418	40.000000
	2434.750000	52.180418	40.000000
	2435.250000	52.180418	40.000000
	2435.750000	52.180418	40.000000
	2436.250000	52.180418	40.000000
	2436.750000	52.840902	40.000000
	2437.250000	52.840902	40.000000
	2437.750000	52.840902	40.000000
	2438.250000	52.180418	40.000000
	2438.750000	52.840902	40.000000
	2439.250000	52.840902	40.000000
	2439.750000	52.840902	40.000000
	2440.250000	52.840902	40.000000
	2440.750000	52.840902	40.000000
	2441.250000	53.501387	40.000000
	2441.750000	52.840902	40.000000
	2442.250000	52.840902	40.000000
	2442.750000	52.840902	40.000000
	2443.250000	53.501387	40.000000
	2443.750000	53.501387	40.000000
	2444.250000	53.501387	40.000000
	2444.750000	53.501387	40.000000
	2445.250000	53.501387	40.000000
	2445.750000	53.501387	40.000000
	2446.250000	53.501387	40.000000
	2446.750000	53.501387	40.000000
	2447.250000	53.501387	40.000000
	2447.750000	53.501387	40.000000
	2448.250000	54.161872	40.000000
	2448.750000	53.501387	40.000000
	2449.250000	54.161872	40.000000
	2449.750000	54.161872	40.000000
	2450.250000	53.501387	40.000000
	2450.750000	53.501387	40.000000
	2451.250000	54.161872	40.000000
	2451.750000	54.161872	40.000000
	2452.250000	54.161872	40.000000
	2452.750000	54.161872	40.000000
	2453.250000	54.161872	40.000000
	2453.750000	54.161872	40.000000
	2454.250000	54.161872	40.000000
	2454.750000	54.161872	40.000000
	2455.250000	54.161872	40.000000
	2455.750000	54.161872	40.000000
	2456.250000	54.822356	40.000000
	2456.750000	54.161872	40.000000
	2457.250000	54.822356	40.000000
	2457.750000	54.822356	40.000000
	2458.250000	54.822356	40.000000
	2458.750000	54.822356	40.000000
	2459.250000	54.822356	40.000000
	2459.750000	54.822356	40.000000
	2460.250000	54.822356	40.000000
	2460.750000	54.822356	40.000000
	2461.250000	54.822356	40.000000
	2461.750000	54.822356	40.000000
	2462.250000	54.822356	40.000000
	2462.750000	54.822356	40.000000
	2463.250000	54.822356	40.000000
	2463.750000	54.822356	40.000000
	2464.250000	54.822356	40.000000
	2464.750000	54.822356	40.000000
	2465.250000	54.822356	40.000000
	2465.750000	55.482841	40.000000
	2466.250000	55.482841	40.000000
	2466.750000	54.822356	40.000000
	2467.250000	55.482841	40.000000
	2467.750000	54.822356	40.000000
	2468.250000	55.482841	40.000000
	2468.750000	54.822356	40.000000
	2469.250000	55.482841	40.000000
	2469.750000	54.822356	40.000000
	2470.250000	55.482841	40.000000
	2470.750000	55.482841	40.000000
	2471.250000	55.482841	40.000000
	2471.750000	55.482841	40.000000
	2472.250000	55.482841	40.000000
	2472.750000	55.482841	40.000000
	2473.250000	55.482841	40.000000
	2473.750000	55.482841	40.000000
	2474.250000	55.482841	40.000000
	2474.750000	55.482841	40.000000
	2475.250000	55.482841	40.000000
	2475.750000	55.482841	40.000000
	2476.250000	56.143325	40.000000
	2476.750000	55.482841	40.000000
	2477.250000	56.143325	40.000000
	2477.750000	55.482841	40.000000
	2478.250000	55.482841	40.000000
	2478.750000	55.482841	40.000000
	2479.250000	56.143325	40.000000
	2479.750000	55.482841	40.000000
	2480.250000	56.143325	40.000000
	2480.750000	56.143325	40.000000
	2481.250000	55.482841	40.000000
	2481.750000	56.143325	40.000000
	2482.250000	56.143325	40.000000
	2482.750000	56.143325	40.000000
	2483.250000	55.482841	40.000000
	2483.750000	56.143325	40.000000
	2484.250000	56.143325	40.000000
	2484.750000	56.143325	40.000000
	2485.250000	56.143325	40.000000
	2485.750000	56.143325	40.000000
	2486.250000	56.143325	40.000000
	2486.750000	56.143325	40.000000
	2487.250000	56.143325	40.000000
	2487.750000	56.143325	40.000000
	2488.250000	56.143325	40.000000
	2488.750000	56.143325	40.000000
	2489.250000	56.143325	40.000000
	2489.750000	56.143325	40.000000
	2490.250000	56.143325	40.000000
	2490.750000	56.143325	40.000000
	2491.250000	56.143325	40.000000
	2491.750000	56.143325	40.000000
	2492.250000	56.143325	40.000000
	2492.750000	56.143325	40.000000
	2493.250000	56.143325	40.000000
	2493.750000	56.143325	40.000000
	2494.250000	56.143325	40.000000
	2494.750000	56.143325	40.000000
	2495.250000	56.143325	40.000000
	2495.750000	56.143325	40.000000
	2496.250000	56.143325	40.000000
	2496.750000	56.143325	40.000000
	2497.250000	56.803810	40.000000
	2497.750000	56.803810	40.000000
	2498.250000	56.803810	40.000000
	2498.750000	56.143325	40.000000
	2499.250000	56.803810	40.000000
	2499.750000	56.803810	40.000000
	2500.250000	56.803810	40.000000
	2500.750000	56.803810	40.000000
	2501.250000	56.143325	40.000000
	2501.750000	56.803810	40.000000
	2502.250000	56.143325	40.000000
	2502.750000	56.803810	40.000000
	2503.250000	56.803810	40.000000
	2503.750000	56.143325	40.000000
	2504.250000	56.803810	40.000000
	2504.750000	56.143325	40.000000
	2505.250000	56.803810	40.000000
	2505.750000	56.803810	40.000000
	2506.250000	56.803810	40.000000
	2506.750000	56.803810	40.000000
	2507.250000	56.803810	40.000000
	2507.750000	56.803810	40.000000
	2508.250000	56.803810	40.000000
	2508.750000	56.803810	40.000000
	2509.250000	56.803810	40.000000
	2509.750000	56.803810	40.000000
	2510.250000	56.803810	40.000000
	2510.750000	56.803810	40.000000
	2511.250000	56.803810	40.000000
	2511.750000	56.803810	40.000000
	2512.250000	56.143325	40.000000
	2512.750000	56.803810	40.000000
	2513.250000	56.803810	40.000000
	2513.750000	56.803810	40.000000
	2514.250000	56.803810	40.000000
	2514.750000	57.464294	40.000000
	2515.250000	56.803810	40.000000
	2515.750000	56.803810	40.000000
	2516.250000	56.803810	40.000000
	2516.750000	56.803810	40.000000
	2517.250000	56.803810	40.000000
	2517.750000	56.803810	40.000000
	2518.250000	56.803810	40.000000
	2518.750000	56.803810	40.000000
	2519.250000	56.803810	40.000000
	2519.750000	57.464294	40.000000
	2520.250000	57.464294	40.000000
	2520.750000	57.464294	40.000000
	2521.250000	56.803810	40.000000
	2521.750000	56.803810	40.000000
	2522.250000	56.803810	40.000000
	2522.750000	56.803810	40.000000
	2523.250000	56.803810	40.000000
	2523.750000	56.803810	40.000000
	2524.250000	56.803810	40.000000
	2524.750000	56.803810	40.000000
	2525.250000	57.464294	40.000000
	2525.750000	56.803810	40.000000
	2526.250000	57.464294	40.000000
	2526.750000	57.464294	40.000000
	2527.250000	57.464294	40.000000
	2527.750000	56.803810	40.000000
	2528.250000	56.803810	40.000000
	2528.750000	56.803810	40.000000
	2529.250000	57.464294	40.000000
	2529.750000	56.803810	40.000000
	2530.250000	56.803810	40.000000
	2530.750000	56.803810	40.000000
	2531.250000	57.464294	40.000000
	2531.750000	57.464294	40.000000
	2532.250000	57.464294	40.000000
	2532.750000	56.803810	40.000000
	2533.250000	57.464294	40.000000
	2533.750000	57.464294	40.000000
	2534.250000	56.803810	40.000000
	2534.750000	57.464294	40.000000
	2535.250000	57.464294	40.000000
	2535.750000	57.464294	40.000000
	2536.250000	57.464294	40.000000
	2536.750000	57.464294	40.000000
	2537.250000	57.464294	40.000000
	2537.750000	57.464294	40.000000
	2538.250000	57.464294	40.000000
	2538.750000	57.464294	40.000000
	2539.250000	57.464294	40.000000
	2539.750000	57.464294	40.000000
	2540.250000	57.464294	40.000000
	2540.750000	57.464294	40.000000
	2541.250000	56.803810	40.000000
	2541.750000	57.464294	40.000000
	2542.250000	57.464294	40.000000
	2542.750000	56.803810	40.000000
	2543.250000	57.464294	40.000000
	2543.750000	57.464294	40.000000
	2544.250000	57.464294	40.000000
	2544.750000	57.464294	40.000000
	2545.250000	57.464294	40.000000
	2545.750000	56.803810	40.000000
	2546.250000	57.464294	40.000000
	2546.750000	57.464294	40.000000
	2547.250000	57.464294	40.000000
	2547.750000	57.464294	40.000000
	2548.250000	57.464294	40.000000
	2548.750000	57.464294	40.000000
	2549.250000	57.464294	40.000000
	2549.750000	57.464294	40.000000
	2550.250000	57.464294	40.000000
	2550.750000	57.464294	40.000000
	2551.250000	57.464294	40.000000
	2551.750000	57.464294	40.000000
	2552.250000	57.464294	40.000000
	2552.750000	57.464294	40.000000
	2553.250000	57.464294	40.000000
	2553.750000	57.464294	40.000000
	2554.250000	57.464294	40.000000
	2554.750000	57.464294	40.000000
	2555.250000	57.464294	40.000000
	2555.750000	57.464294	40.000000
	2556.250000	57.464294	40.000000
	2556.750000	57.464294	40.000000
	2557.250000	57.464294	40.000000
	2557.750000	57.464294	40.000000
	2558.250000	57.464294	40.000000
	2558.750000	57.464294	40.000000
	2559.250000	57.464294	40.000000
	2559.750000	57.464294	40.000000
	2560.250000	57.464294	40.000000
	2560.750000	57.464294	40.000000
	2561.250000	57.464294	40.000000
	2561.750000	57.464294	40.000000
	2562.250000	57.464294	40.000000
	2562.750000	57.464294	40.000000
	2563.250000	57.464294	40.000000
	2563.750000	57.464294	40.000000
	2564.250000	57.464294	40.000000
	2564.750000	57.464294	40.000000
	2565.250000	56.803810	40.000000
	2565.750000	57.464294	40.000000
	2566.250000	57.464294	40.000000
	2566.750000	57.464294	40.000000
	2567.250000	57.464294	40.000000
	2567.750000	57.464294	40.000000
	2568.250000	57.464294	40.000000
	2568.750000	57.464294	40.000000
	2569.250000	57.464294	40.000000
	2569.750000	57.464294	40.000000
	2570.250000	57.464294	40.000000
	2570.750000	57.464294	40.000000
	2571.250000	57.464294	40.000000
	2571.750000	57.464294	40.000000
	2572.250000	57.464294	40.000000
	2572.750000	57.464294	40.000000
	2573.250000	57.464294	40.000000
	2573.750000	57.464294	40.000000
	2574.250000	57.464294	40.000000
	2574.750000	57.464294	40.000000
	2575.250000	57.464294	40.000000
	2575.750000	57.464294	40.000000
	2576.250000	57.464294	40.000000
	2576.750000	57.464294	40.000000
	2577.250000	57.464294	40.000000
	2577.750000	57.464294	40.000000
	2578.250000	58.124779	40.000000
	2578.750000	57.464294	40.000000
	2579.250000	57.464294	40.000000
	2579.750000	57.464294	40.000000
	2580.250000	57.464294	40.000000
	2580.750000	57.464294	40.000000
	2581.250000	57.464294	40.000000
	2581.750000	57.464294	40.000000
	2582.250000	57.464294	40.000000
	2582.750000	57.464294	40.000000
	2583.250000	57.464294	40.000000
	2583.750000	57.464294	40.000000
	2584.250000	57.464294	40.000000
	2584.750000	57.464294	40.000000
	2585.250000	57.464294	40.000000
	2585.750000	57.464294	40.000000
	2586.250000	57.464294	40.000000
	2586.750000	57.464294	40.000000
	2587.250000	57.464294	40.000000
	2587.750000	57.464294	40.000000
	2588.250000	57.464294	40.000000
	2588.750000	58.124779	40.000000
	2589.250000	57.464294	40.000000
	2589.750000	57.464294	40.000000
	2590.250000	57.464294	40.000000
	2590.750000	57.464294	40.000000
	2591.250000	57.464294	40.000000
	2591.750000	57.464294	40.000000
	2592.250000	57.464294	40.000000
	2592.750000	57.464294	40.000000
	2593.250000	57.464294	40.000000
	2593.750000	57.464294	40.000000
	2594.250000	57.464294	40.000000
	2594.750000	57.464294	40.000000
	2595.250000	57.464294	40.000000
	2595.750000	57.464294	40.000000
	2596.250000	58.124779	40.000000
	2596.750000	58.124779	40.000000
	2597.250000	57.464294	40.000000
	2597.750000	57.464294	40.000000
	2598.250000	58.124779	40.000000
	2598.750000	57.464294	40.000000
	2599.250000	58.124779	40.000000
	2599.750000	57.464294	40.000000
	2600.250000	57.464294	40.000000
	2600.750000	57.464294	40.000000
	2601.250000	57.464294	40.000000
	2601.750000	57.464294	40.000000
	2602.250000	57.464294	40.000000
	2602.750000	57.464294	40.000000
	2603.250000	58.124779	40.000000
	2603.750000	57.464294	40.000000
	2604.250000	57.464294	40.000000
	2604.750000	58.124779	40.000000
	2605.250000	57.464294	40.000000
	2605.750000	57.464294	40.000000
	2606.250000	58.124779	40.000000
	2606.750000	57.464294	40.000000
	2607.250000	58.124779	40.000000
	2607.750000	57.464294	40.000000
	2608.250000	57.464294	40.000000
	2608.750000	57.464294	40.000000
	2609.250000	57.464294	40.000000
	2609.750000	57.464294	40.000000
	2610.250000	57.464294	40.000000
	2610.750000	58.124779	40.000000
	2611.250000	57.464294	40.000000
	2611.750000	57.464294	40.000000
	2612.250000	57.464294	40.000000
	2612.750000	57.464294	40.000000
	2613.250000	57.464294	40.000000
	2613.750000	57.464294	40.000000
	2614.250000	57.464294	40.000000
	2614.750000	57.464294	40.000000
	2615.250000	57.464294	40.000000
	2615.750000	57.464294	40.000000
	2616.250000	58.124779	40.000000
	2616.750000	57.464294	40.000000
	2617.250000	58.124779	40.000000
	2617.750000	58.124779	40.000000
	2618.250000	57.464294	40.000000
	2618.750000	57.464294	40.000000
	2619.250000	57.464294	40.000000
	2619.750000	57.464294	40.000000
	2620.250000	57.464294	40.000000
	2620.750000	58.124779	40.000000
	2621.250000	57.464294	40.000000
	2621.750000	57.464294	40.000000
	2622.250000	57.464294	40.000000
	2622.750000	58.124779	40.000000
	2623.250000	57.464294	40.000000
	2623.750000	57.464294	40.000000
	2624.250000	58.124779	40.000000
	2624.750000	57.464294	40.000000
	2625.250000	57.464294	40.000000
	2625.750000	57.464294	40.000000
	2626.250000	57.464294	40.000000
	2626.750000	57.464294	40.000000
	2627.250000	57.464294	40.000000
	2627.750000	57.464294	40.000000
	2628.250000	57.464294	40.000000
	2628.750000	57.464294	40.000000
	2629.250000	57.464294	40.000000
	2629.750000	58.124779	40.000000
	2630.250000	58.124779	40.000000
	2630.750000	58.124779	40.000000
	2631.250000	58.124779	40.000000
	2631.750000	58.124779	40.000000
	2632.250000	58.124779	40.000000
	2632.750000	57.464294	40.000000
	2633.250000	57.464294	40.000000
	2633.750000	57.464294	40.000000
	2634.250000	57.464294	40.000000
	2634.750000	57.464294	40.000000
	2635.250000	57.464294	40.000000
	2635.750000	58.124779	40.000000
	2636.250000	57.464294	40.000000
	2636.750000	57.464294	40.000000
	2637.250000	57.464294	40.000000
	2637.750000	57.464294	40.000000
	2638.250000	57.464294	40.000000
	2638.750000	58.124779	40.000000
	2639.250000	57.464294	40.000000
	2639.750000	58.124779	40.000000
	2640.250000	57.464294	40.000000
	2640.750000	57.464294	40.000000
	2641.250000	57.464294	40.000000
	2641.750000	57.464294	40.000000
	2642.250000	57.464294	40.000000
	2642.750000	57.464294	40.000000
	2643.250000	58.124779	40.000000
	2643.750000	57.464294	40.000000
	2644.250000	57.464294	40.000000
	2644.750000	57.464294	40.000000
	2645.250000	57.464294	40.000000
	2645.750000	57.464294	40.000000
	2646.250000	57.464294	40.000000
	2646.750000	58.124779	40.000000
	2647.250000	57.464294	40.000000
	2647.750000	57.464294	40.000000
	2648.250000	57.464294	40.000000
	2648.750000	57.464294	40.000000
	2649.250000	58.124779	40.000000
	2649.750000	57.464294	40.000000
	2650.250000	57.464294	40.000000
	2650.750000	57.464294	40.000000
	2651.250000	57.464294	40.000000
	2651.750000	57.464294	40.000000
	2652.250000	57.464294	40.000000
	2652.750000	57.464294	40.000000
	2653.250000	58.124779	40.000000
	2653.750000	57.464294	40.000000
	2654.250000	57.464294	40.000000
	2654.750000	58.124779	40.000000
	2655.250000	57.464294	40.000000
	2655.750000	58.124779	40.000000
	2656.250000	57.464294	40.000000
	2656.750000	57.464294	40.000000
	2657.250000	57.464294	40.000000
	2657.750000	57.464294	40.000000
	2658.250000	57.464294	40.000000
	2658.750000	58.124779	40.000000
	2659.250000	57.464294	40.000000
	2659.750000	57.464294	40.000000
	2660.250000	57.464294	40.000000
	2660.750000	58.124779	40.000000
	2661.250000	57.464294	40.000000
	2661.750000	57.464294	40.000000
	2662.250000	57.464294	40.000000
	2662.750000	58.124779	40.000000
	2663.250000	57.464294	40.000000
	2663.750000	57.464294	40.000000
	2664.250000	58.124779	40.000000
	2664.750000	57.464294	40.000000
	2665.250000	57.464294	40.000000
	2665.750000	57.464294	40.000000
	2666.250000	57.464294	40.000000
	2666.750000	58.124779	40.000000
	2667.250000	57.464294	40.000000
	2667.750000	58.124779	40.000000
	2668.250000	57.464294	40.000000
	2668.750000	57.464294	40.000000
	2669.250000	57.464294	40.000000
	2669.750000	58.124779	40.000000
	2670.250000	57.464294	40.000000
	2670.750000	57.464294	40.000000
	2671.250000	57.464294	40.000000
	2671.750000	57.464294	40.000000
	2672.250000	57.464294	40.000000
	2672.750000	57.464294	40.000000
	2673.250000	57.464294	40.000000
	2673.750000	57.464294	40.000000
	2674.250000	58.124779	40.000000
	2674.750000	58.124779	40.000000
	2675.250000	58.124779	40.000000
	2675.750000	57.464294	40.000000
	2676.250000	58.124779	40.000000
	2676.750000	57.464294	40.000000
	2677.250000	57.464294	40.000000
	2677.750000	58.124779	40.000000
	2678.250000	58.124779	40.000000
	2678.750000	58.124779	40.000000
	2679.250000	57.464294	40.000000
	2679.750000	58.124779	40.000000
	2680.250000	58.124779	40.000000
	2680.750000	58.124779	40.000000
	2681.250000	57.464294	40.000000
	2681.750000	57.464294	40.000000
	2682.250000	57.464294	40.000000
	2682.750000	58.124779	40.000000
	2683.250000	57.464294	40.000000
	2683.750000	57.464294	40.000000
	2684.250000	57.464294	40.000000
	2684.750000	58.124779	40.000000
	2685.250000	57.464294	40.000000
	2685.750000	57.464294	40.000000
	2686.250000	57.464294	40.000000
	2686.750000	58.124779	40.000000
	2687.250000	58.124779	40.000000
	2687.750000	57.464294	40.000000
	2688.250000	57.464294	40.000000
	2688.750000	57.464294	40.000000
	2689.250000	57.464294	40.000000
	2689.750000	58.124779	40.000000
	2690.250000	57.464294	40.000000
	2690.750000	58.124779	40.000000
	2691.250000	58.124779	40.000000
	2691.750000	57.464294	40.000000
	2692.250000	58.124779	40.000000
	2692.750000	57.464294	40.000000
	2693.250000	58.124779	40.000000
	2693.750000	57.464294	40.000000
	2694.250000	57.464294	40.000000
	2694.750000	58.124779	40.000000
	2695.250000	58.124779	40.000000
	2695.750000	57.464294	40.000000
	2696.250000	57.464294	40.000000
	2696.750000	57.464294	40.000000
	2697.250000	57.464294	40.000000
	2697.750000	57.464294	40.000000
	2698.250000	57.464294	40.000000
	2698.750000	57.464294	40.000000
	2699.250000	58.124779	40.000000
	2699.750000	57.464294	40.000000
	2700.250000	58.124779	40.000000
	2700.750000	58.124779	40.000000
	2701.250000	58.124779	40.000000
	2701.750000	57.464294	40.000000
	2702.250000	58.124779	40.000000
	2702.750000	57.464294	40.000000
	2703.250000	57.464294	40.000000
	2703.750000	57.464294	40.000000
	2704.250000	57.464294	40.000000
	2704.750000	57.464294	40.000000
	2705.250000	57.464294	40.000000
	2705.750000	57.464294	40.000000
	2706.250000	58.124779	40.000000
	2706.750000	57.464294	40.000000
	2707.250000	58.124779	40.000000
	2707.750000	57.464294	40.000000
	2708.250000	58.124779	40.000000
	2708.750000	58.124779	40.000000
	2709.250000	57.464294	40.000000
	2709.750000	57.464294	40.000000
	2710.250000	58.124779	40.000000
	2710.750000	58.124779	40.000000
	2711.250000	57.464294	40.000000
	2711.750000	58.124779	40.000000
	2712.250000	57.464294	40.000000
	2712.750000	57.464294	40.000000
	2713.250000	58.124779	40.000000
	2713.750000	58.124779	40.000000
	2714.250000	58.124779	40.000000
	2714.750000	57.464294	40.000000
	2715.250000	57.464294	40.000000
	2715.750000	57.464294	40.000000
	2716.250000	58.124779	40.000000
	2716.750000	57.464294	40.000000
	2717.250000	57.464294	40.000000
	2717.750000	57.464294	40.000000
	2718.250000	57.464294	40.000000
	2718.750000	57.464294	40.000000
	2719.250000	58.124779	40.000000
	2719.750000	58.124779	40.000000
	2720.250000	57.464294	40.000000
	2720.750000	58.124779	40.000000
	2721.250000	57.464294	40.000000
	2721.750000	58.124779	40.000000
	2722.250000	58.124779	40.000000
	2722.750000	58.124779	40.000000
	2723.250000	58.124779	40.000000
	2723.750000	57.464294	40.000000
	2724.250000	58.124779	40.000000
	2724.750000	57.464294	40.000000
	2725.250000	57.464294	40.000000
	2725.750000	58.124779	40.000000
	2726.250000	57.464294	40.000000
	2726.750000	58.124779	40.000000
	2727.250000	57.464294	40.000000
	2727.750000	58.124779	40.000000
	2728.250000	57.464294	40.000000
	2728.750000	57.464294	40.000000
	2729.250000	57.464294	40.000000
	2729.750000	57.464294	40.000000
	2730.250000	57.464294	40.000000
	2730.750000	58.124779	40.000000
	2731.250000	57.464294	40.000000
	2731.750000	57.464294	40.000000
	2732.250000	57.464294	40.000000
	2732.750000	57.464294	40.000000
	2733.250000	57.464294	40.000000
	2733.750000	58.124779	40.000000
	2734.250000	58.124779	40.000000
	2734.750000	58.124779	40.000000
	2735.250000	57.464294	40.000000
	2735.750000	58.124779	40.000000
	2736.250000	57.464294	40.000000
	2736.750000	57.464294	40.000000
	2737.250000	57.464294	40.000000
	2737.750000	58.124779	40.000000
	2738.250000	57.464294	40.000000
	2738.750000	58.124779	40.000000
	2739.250000	58.124779	40.000000
	2739.750000	58.124779	40.000000
	2740.250000	57.464294	40.000000
	2740.750000	57.464294	40.000000
	2741.250000	57.464294	40.000000
	2741.750000	57.464294	40.000000
	2742.250000	57.464294	40.000000
	2742.750000	57.464294	40.000000
	2743.250000	58.124779	40.000000
	2743.750000	57.464294	40.000000
	2744.250000	58.124779	40.000000
	2744.750000	58.124779	40.000000
	2745.250000	58.124779	50.000000
	2745.750000	57.464294	50.000000
	2746.250000	57.464294	50.000000
	2746.750000	58.124779	50.000000
	2747.250000	57.464294	50.000000
	2747.750000	57.464294	50.000000
	2748.250000	58.124779	50.000000
	2748.750000	58.124779	50.000000
	2749.250000	57.464294	50.000000
	2749.750000	58.124779	50.000000
	2750.250000	58.124779	50.000000
	2750.750000	58.124779	50.000000
	2751.250000	58.124779	50.000000
	2751.750000	58.124779	50.000000
	2752.250000	58.124779	50.000000
	2752.750000	58.124779	50.000000
	2753.250000	58.785263	50.000000
	2753.750000	58.124779	50.000000
	2754.250000	58.124779	50.000000
	2754.750000	58.785263	50.000000
	2755.250000	58.785263	50.000000
	2755.750000	58.785263	50.000000
	2756.250000	58.785263	50.000000
	2756.750000	58.785263	50.000000
	2757.250000	58.785263	50.000000
	2757.750000	58.785263	50.000000
	2758.250000	58.785263	50.000000
	2758.750000	58.785263	50.000000
	2759.250000	58.785263	50.000000
	2759.750000	58.785263	50.000000
	2760.250000	58.785263	50.000000
	2760.750000	58.785263	50.000000
	2761.250000	58.785263	50.000000
	2761.750000	59.445748	50.000000
	2762.250000	59.445748	50.000000
	2762.750000	59.445748	50.000000
	2763.250000	59.445748	50.000000
	2763.750000	59.445748	50.000000
	2764.250000	59.445748	50.000000
	2764.750000	59.445748	50.000000
	2765.250000	59.445748	50.000000
	2765.750000	59.445748	50.000000
	2766.250000	59.445748	50.000000
	2766.750000	60.106232	50.000000
	2767.250000	59.445748	50.000000
	2767.750000	60.106232	50.000000
	2768.250000	60.106232	50.000000
	2768.750000	60.106232	50.000000
	2769.250000	60.106232	50.000000
	2769.750000	60.106232	50.000000
	2770.250000	60.106232	50.000000
	2770.750000	60.106232	50.000000
	2771.250000	60.106232	50.000000
	2771.750000	60.106232	50.000000
	2772.250000	60.766717	50.000000
	2772.750000	60.766717	50.000000
	2773.250000	60.106232	50.000000
	2773.750000	60.106232	50.000000
	2774.250000	60.766717	50.000000
	2774.750000	60.766717	50.000000
	2775.250000	60.766717	50.000000
	2775.750000	60.766717	50.000000
	2776.250000	60.766717	50.000000
	2776.750000	60.766717	50.000000
	2777.250000	60.766717	50.000000
	2777.750000	60.766717	50.000000
	2778.250000	60.766717	50.000000
	2778.750000	60.766717	50.000000
	2779.250000	61.427201	50.000000
	2779.750000	60.766717	50.000000
	2780.250000	60.766717	50.000000
	2780.750000	60.766717	50.000000
	2781.250000	61.427201	50.000000
	2781.750000	61.427201	50.000000
	2782.250000	61.427201	50.000000
	2782.750000	61.427201	50.000000
	2783.250000	61.427201	50.000000
	2783.750000	61.427201	50.000000
	2784.250000	61.427201	50.000000
	2784.750000	61.427201	50.000000
	2785.250000	61.427201	50.000000
	2785.750000	61.427201	50.000000
	2786.250000	61.427201	50.000000
	2786.750000	61.427201	50.000000
	2787.250000	61.427201	50.000000
	2787.750000	61.427201	50.000000
	2788.250000	61.427201	50.000000
	2788.750000	61.427201	50.000000
	2789.250000	61.427201	50.000000
	2789.750000	61.427201	50.000000
	2790.250000	61.427201	50.000000
	2790.750000	62.087686	50.000000
	2791.250000	62.087686	50.000000
	2791.750000	61.427201	50.000000
	2792.250000	62.087686	50.000000
	2792.750000	61.427201	50.000000
	2793.250000	61.427201	50.000000
	2793.750000	62.087686	50.000000
	2794.250000	62.087686	50.000000
	2794.750000	62.087686	50.000000
	2795.250000	62.087686	50.000000
	2795.750000	62.087686	50.000000
	2796.250000	62.087686	50.000000
	2796.750000	62.087686	50.000000
	2797.250000	62.087686	50.000000
	2797.750000	62.087686	50.000000
	2798.250000	62.087686	50.000000
	2798.750000	62.748170	50.000000
	2799.250000	62.087686	50.000000
	2799.750000	62.087686	50.000000
	2800.250000	62.087686	50.000000
	2800.750000	62.087686	50.000000
	2801.250000	62.087686	50.000000
	2801.750000	62.087686	50.000000
	2802.250000	62.087686	50.000000
	2802.750000	62.087686	50.000000
	2803.250000	62.087686	50.000000
	2803.750000	62.087686	50.000000
	2804.250000	62.087686	50.000000
	2804.750000	62.087686	50.000000
	2805.250000	62.087686	50.000000
	2805.750000	62.748170	50.000000
	2806.250000	62.748170	50.000000
	2806.750000	62.748170	50.000000
	2807.250000	62.748170	50.000000
	2807.750000	62.748170	50.000000
	2808.250000	62.748170	50.000000
	2808.750000	62.087686	50.000000
	2809.250000	62.748170	50.000000
	2809.750000	62.087686	50.000000
	2810.250000	62.748170	50.000000
	2810.750000	62.748170	50.000000
	2811.250000	62.748170	50.000000
	2811.750000	62.748170	50.000000
	2812.250000	62.748170	50.000000
	2812.750000	62.748170	50.000000
	2813.250000	62.748170	50.000000
	2813.750000	62.087686	50.000000
	2814.250000	62.748170	50.000000
	2814.750000	62.748170	50.000000
	2815.250000	62.748170	50.000000
	2815.750000	62.748170	50.000000
	2816.250000	62.748170	50.000000
	2816.750000	62.748170	50.000000
	2817.250000	62.748170	50.000000
	2817.750000	62.748170	50.000000
	2818.250000	62.748170	50.000000
	2818.750000	62.748170	50.000000
	2819.250000	62.748170	50.000000
	2819.750000	62.748170	50.000000
	2820.250000	62.748170	50.000000
	2820.750000	62.748170	50.000000
	2821.250000	62.748170	50.000000
	2821.750000	62.748170	50.000000
	2822.250000	62.748170	50.000000
	2822.750000	62.748170	50.000000
	2823.250000	62.748170	50.000000
	2823.750000	62.748170	50.000000
	2824.250000	62.748170	50.000000
	2824.750000	62.748170	50.000000
	2825.250000	62.748170	50.000000
	2825.750000	62.748170	50.000000
	2826.250000	62.748170	50.000000
	2826.750000	62.748170	50.000000
	2827.250000	62.748170	50.000000
	2827.750000	63.408655	50.000000
	2828.250000	62.748170	50.000000
	2828.750000	62.748170	50.000000
	2829.250000	63.408655	50.000000
	2829.750000	62.748170	50.000000
	2830.250000	62.748170	50.000000
	2830.750000	62.748170	50.000000
	2831.250000	62.748170	50.000000
	2831.750000	62.748170	50.000000
	2832.250000	62.748170	50.000000
	2832.750000	62.748170	50.000000
	2833.250000	62.748170	50.000000
	2833.750000	62.748170	50.000000
	2834.250000	62.748170	50.000000
	2834.750000	62.748170	50.000000
	2835.250000	62.748170	50.000000
	2835.750000	62.748170	50.000000
	2836.250000	62.748170	50.000000
	2836.750000	62.748170	50.000000
	2837.250000	62.748170	50.000000
	2837.750000	62.748170	50.000000
	2838.250000	62.748170	50.000000
	2838.750000	62.748170	50.000000
	2839.250000	62.748170	50.000000
	2839.750000	62.748170	50.000000
	2840.250000	62.748170	50.000000
	2840.750000	62.748170	50.000000
	2841.250000	63.408655	50.000000
	2841.750000	62.748170	50.000000
	2842.250000	63.408655	50.000000
	2842.750000	62.748170	50.000000
	2843.250000	63.408655	50.000000
	2843.750000	62.748170	50.000000
	2844.250000	62.748170	50.000000
	2844.750000	63.408655	50.000000
	2845.250000	62.748170	50.000000
	2845.750000	62.748170	50.000000
	2846.250000	62.748170	50.000000
	2846.750000	62.748170	50.000000
	2847.250000	63.408655	50.000000
	2847.750000	62.748170	50.000000
	2848.250000	62.748170	50.000000
	2848.750000	62.748170	50.000000
	2849.250000	62.748170	50.000000
	2849.750000	62.748170	50.000000
	2850.250000	63.408655	50.000000
	2850.750000	63.408655	50.000000
	2851.250000	63.408655	50.000000
	2851.750000	62.748170	50.000000
	2852.250000	62.748170	50.000000
	2852.750000	62.748170	50.000000
	2853.250000	62.748170	50.000000
	2853.750000	62.748170	50.000000
	2854.250000	62.748170	50.000000
	2854.750000	63.408655	50.000000
	2855.250000	63.408655	50.000000
	2855.750000	62.748170	50.000000
	2856.250000	63.408655	50.000000
	2856.750000	62.748170	50.000000
	2857.250000	62.748170	50.000000
	2857.750000	62.748170	50.000000
	2858.250000	63.408655	50.000000
	2858.750000	62.748170	50.000000
	2859.250000	62.748170	50.000000
	2859.750000	62.748170	50.000000
	2860.250000	63.408655	50.000000
	2860.750000	62.748170	50.000000
	2861.250000	62.748170	50.000000
	2861.750000	63.408655	50.000000
	2862.250000	63.408655	50.000000
	2862.750000	63.408655	50.000000
	2863.250000	63.408655	50.000000
	2863.750000	63.408655	50.000000
	2864.250000	62.748170	50.000000
	2864.750000	63.408655	50.000000
	2865.250000	63.408655	50.000000
	2865.750000	63.408655	50.000000
	2866.250000	62.748170	50.000000
	2866.750000	62.748170	50.000000
	2867.250000	63.408655	50.000000
	2867.750000	63.408655	50.000000
	2868.250000	63.408655	50.000000
	2868.750000	63.408655	50.000000
	2869.250000	62.748170	50.000000
	2869.750000	63.408655	50.000000
	2870.250000	63.408655	50.000000
	2870.750000	63.408655	50.000000
	2871.250000	63.408655	50.000000
	2871.750000	63.408655	50.000000
	2872.250000	63.408655	50.000000
	2872.750000	63.408655	50.000000
	2873.250000	62.748170	50.000000
	2873.750000	63.408655	50.000000
	2874.250000	63.408655	50.000000
	2874.750000	63.408655	50.000000
	2875.250000	62.748170	50.000000
	2875.750000	63.408655	50.000000
	2876.250000	63.408655	50.000000
	2876.750000	62.748170	50.000000
	2877.250000	63.408655	50.000000
	2877.750000	63.408655	50.000000
	2878.250000	63.408655	50.000000
	2878.750000	63.408655	50.000000
	2879.250000	63.408655	50.000000
	2879.750000	63.408655	50.000000
	2880.250000	62.748170	50.000000
	2880.750000	63.408655	50.000000
	2881.250000	63.408655	50.000000
	2881.750000	63.408655	50.000000
	2882.250000	63.408655	50.000000
	2882.750000	62.748170	50.000000
	2883.250000	63.408655	50.000000
	2883.750000	63.408655	50.000000
	2884.250000	62.748170	50.000000
	2884.750000	63.408655	50.000000
	2885.250000	63.408655	50.000000
	2885.750000	62.748170	50.000000
	2886.250000	63.408655	50.000000
	2886.750000	63.408655	50.000000
	2887.250000	63.408655	50.000000
	2887.750000	63.408655	50.000000
	2888.250000	63.408655	50.000000
	2888.750000	63.408655	50.000000
	2889.250000	63.408655	50.000000
	2889.750000	62.748170	50.000000
	2890.250000	63.408655	50.000000
	2890.750000	62.748170	50.000000
	2891.250000	63.408655	50.000000
	2891.750000	62.748170	50.000000
	2892.250000	63.408655	50.000000
	2892.750000	63.408655	50.000000
	2893.250000	63.408655	50.000000
	2893.750000	63.408655	50.000000
	2894.250000	62.748170	50.000000
	2894.750000	63.408655	50.000000
	2895.250000	63.408655	50.000000
	2895.750000	63.408655	50.000000
	2896.250000	63.408655	50.000000
	2896.750000	63.408655	50.000000
	2897.250000	62.748170	50.000000
	2897.750000	63.408655	50.000000
	2898.250000	63.408655	50.000000
	2898.750000	63.408655	50.000000
	2899.250000	63.408655	50.000000
	2899.750000	63.408655	50.000000
	2900.250000	63.408655	50.000000
	2900.750000	63.408655	50.000000
	2901.250000	63.408655	50.000000
	2901.750000	63.408655	50.000000
	2902.250000	63.408655	50.000000
	2902.750000	63.408655	50.000000
	2903.250000	62.748170	50.000000
	2903.750000	62.748170	50.000000
	2904.250000	62.748170	50.000000
	2904.750000	62.748170	50.000000
	2905.250000	63.408655	50.000000
	2905.750000	63.408655	50.000000
	2906.250000	63.408655	50.000000
	2906.750000	63.408655	50.000000
	2907.250000	62.748170	50.000000
	2907.750000	63.408655	50.000000
	2908.250000	63.408655	50.000000
	2908.750000	63.408655	50.000000
	2909.250000	63.408655	50.000000
	2909.750000	63.408655	50.000000
	2910.250000	63.408655	50.000000
	2910.750000	63.408655	50.000000
	2911.250000	63.408655	50.000000
	2911.750000	63.408655	50.000000
	2912.250000	63.408655	50.000000
	2912.750000	63.408655	50.000000
	2913.250000	63.408655	50.000000
	2913.750000	62.748170	50.000000
	2914.250000	63.408655	50.000000
	2914.750000	63.408655	50.000000
	2915.250000	62.748170	50.000000
	2915.750000	63.408655	50.000000
	2916.250000	63.408655	50.000000
	2916.750000	63.408655	50.000000
	2917.250000	63.408655	50.000000
	2917.750000	63.408655	50.000000
	2918.250000	63.408655	50.000000
	2918.750000	63.408655	50.000000
	2919.250000	63.408655	50.000000
	2919.750000	63.408655	50.000000
	2920.250000	63.408655	50.000000
	2920.750000	63.408655	50.000000
	2921.250000	63.408655	50.000000
	2921.750000	63.408655	50.000000
	2922.250000	63.408655	50.000000
	2922.750000	63.408655	50.000000
	2923.250000	63.408655	50.000000
	2923.750000	62.748170	50.000000
	2924.250000	63.408655	50.000000
	2924.750000	63.408655	50.000000
	2925.250000	63.408655	50.000000
	2925.750000	63.408655	50.000000
	2926.250000	63.408655	50.000000
	2926.750000	63.408655	50.000000
	2927.250000	63.408655	50.000000
	2927.750000	63.408655	50.000000
	2928.250000	62.748170	50.000000
	2928.750000	63.408655	50.000000
	2929.250000	63.408655	50.000000
	2929.750000	63.408655	50.000000
	2930.250000	63.408655	50.000000
	2930.750000	63.408655	50.000000
	2931.250000	62.748170	50.000000
	2931.750000	62.748170	50.000000
	2932.250000	63.408655	50.000000
	2932.750000	63.408655	50.000000
	2933.250000	63.408655	50.000000
	2933.750000	63.408655	50.000000
	2934.250000	63.408655	50.000000
	2934.750000	63.408655	50.000000
	2935.250000	63.408655	50.000000
	2935.750000	63.408655	50.000000
	2936.250000	63.408655	50.000000
	2936.750000	63.408655	50.000000
	2937.250000	63.408655	50.000000
	2937.750000	63.408655	50.000000
	2938.250000	62.748170	50.000000
	2938.750000	63.408655	50.000000
	2939.250000	62.748170	50.000000
	2939.750000	63.408655	50.000000
	2940.250000	63.408655	50.000000
	2940.750000	63.408655	50.000000
	2941.250000	63.408655	50.000000
	2941.750000	63.408655	50.000000
	2942.250000	62.748170	50.000000
	2942.750000	63.408655	50.000000
	2943.250000	63.408655	50.000000
	2943.750000	63.408655	50.000000
	2944.250000	63.408655	50.000000
	2944.750000	62.748170	50.000000
	2945.250000	63.408655	50.000000
	2945.750000	63.408655	50.000000
	2946.250000	63.408655	50.000000
	2946.750000	62.748170	50.000000
	2947.250000	63.408655	50.000000
	2947.750000	63.408655	50.000000
	2948.250000	63.408655	50.000000
	2948.750000	63.408655	50.000000
	2949.250000	63.408655	50.000000
	2949.750000	63.408655	50.000000
	2950.250000	63.408655	50.000000
	2950.750000	63.408655	50.000000
	2951.250000	62.748170	50.000000
	2951.750000	63.408655	50.000000
	2952.250000	63.408655	50.000000
	2952.750000	63.408655	50.000000
	2953.250000	63.408655	50.000000
	2953.750000	63.408655	50.000000
	2954.250000	63.408655	50.000000
	2954.750000	63.408655	50.000000
	2955.250000	63.408655	50.000000
	2955.750000	63.408655	50.000000
	2956.250000	63.408655	50.000000
	2956.750000	63.408655	50.000000
	2957.250000	62.748170	50.000000
	2957.750000	63.408655	50.000000
	2958.250000	63.408655	50.000000
	2958.750000	63.408655	50.000000
	2959.250000	63.408655	50.000000
	2959.750000	63.408655	50.000000
	2960.250000	63.408655	50.000000
	2960.750000	63.408655	50.000000
	2961.250000	62.748170	50.000000
	2961.750000	62.748170	50.000000
	2962.250000	63.408655	50.000000
	2962.750000	63.408655	50.000000
	2963.250000	63.408655	50.000000
	2963.750000	63.408655	50.000000
	2964.250000	63.408655	50.000000
	2964.750000	63.408655	50.000000
	2965.250000	63.408655	50.000000
	2965.750000	63.408655	50.000000
	2966.250000	62.748170	50.000000
